500 candles
10/07/2014;16892.865234;16892.865234;16892.865234;16892.865234;0
11/07/2014;16904.8808595;16890.3767164788;16898.87304675;16907.3693770212;0.868123445394603
14/07/2014;17019.679688;16845.8865449514;16939.1419271667;17032.3973093819;0.890661458711572
15/07/2014;17063.3652345;16846.8989131425;16970.197754;17093.4965948575;0.876042152166677
16/07/2014;17100.6298825;16851.8109853707;16996.2841797;17140.7573740293;0.870701304237229
17/07/2014;17058.875;16868.124995172;17006.7159830833;17145.3069709946;0.766662508802065
18/07/2014;17045.5146485;16881.5088244198;17012.2586495714;17143.0084747231;0.67491965619193
21/07/2014;17034.7246095;16891.9742869115;17015.0668945625;17138.1595022135;0.534630387659511
22/07/2014;17086.7802735;16899.4460624379;17023.0350477778;17146.6240331177;0.823757082927117
23/07/2014;17089.550781;16906.4782584625;17029.6866211;17152.8949837375;0.813985087994807
24/07/2014;17090.450195;16913.1045682704;17035.2105823636;17157.3165964569;0.801678263898683
25/07/2014;16998.9902345;16913.7234643749;17032.1922200417;17150.6609757084;-0.699903883900401
28/07/2014;16939.550781;16901.7559855026;17025.0659555;17148.3759254974;-0.865717535427347
29/07/2014;16984.2851565;16901.616905654;17022.1530412857;17142.6891769174;-0.727379434031456
30/07/2014;16900.5498045;16883.6797189571;17014.0461588333;17144.4125987096;-0.89148738781578
31/07/2014;16716.46582;16807.3227630623;16995.4473876562;17183.5720122502;-0.934790689879439
01/08/2014;16510.910156;16680.1653243443;16966.9451975588;17253.7250707734;-0.939050997694471
04/08/2014;16521.709961;16600.20546842;16942.2099066389;17284.2143448578;-0.921886823637142
05/08/2014;16464.760254;16524.8013517534;16917.0809775526;17309.3606033518;-0.916928308674525
06/08/2014;16431.5097655;16458.3518194908;16892.80241695;17327.2530144092;-0.91011790441947
07/08/2014;16419.064941;16390.3056927426;16869.1124023;17347.9191118574;-0.899073698035242
08/08/2014;16460.4047855;16337.84774178;16846.8885986;17355.92945542;-0.876594484353153
11/08/2014;16592.6298825;16307.1980046382;16825.536108325;17343.8742120118;-0.800473161095011
12/08/2014;16553.685547;16271.7741176913;16800.05212395;17328.3301302087;-0.807003214343375
13/08/2014;16618.914062;16245.0867515521;16775.966332925;17306.8459142979;-0.713175804138718
14/08/2014;16682.9453125;16225.7652252544;16757.16984855;17288.5744718456;-0.488731512827919
15/08/2014;16675.3447265;16206.7107152746;16738.66135245;17270.6119896254;-0.431648495717106
18/08/2014;16752.364258;16192.5198429193;16724.543334875;17256.5668268306;0.147738080067063
19/08/2014;16884.095703;16177.757437715;16714.40910635;17251.060774985;0.72886955936721
20/08/2014;16945.720703;16160.7242212321;16707.21760245;17253.7109836679;0.795221404204364
21/08/2014;17029.2353515;16139.1967396951;16704.156860275;17269.1169808549;0.840471772799617
22/08/2014;17024.399414;16122.9257287606;16705.42731925;17287.9289097394;0.833086038678887
25/08/2014;17068.2753905;16109.1601284989;16711.863549725;17314.5669709511;0.844421850921557
26/08/2014;17116.6855465;16090.2498694292;16718.483569225;17346.7172690208;0.854048240340438
27/08/2014;17112.604492;16079.841713914;16729.0863036;17378.330893286;0.844266970462009
28/08/2014;17068.6953125;16093.4835127394;16746.697778225;17399.9120437106;0.816389975880729
29/08/2014;17072.9003905;16140.0781579558;16774.79728995;17409.5164219442;0.808221331742862
02/09/2014;17061.290039;16184.5455327505;16801.77629385;17419.0070549495;0.788327820392644
03/09/2014;17106.0507815;16238.1272500758;16833.840820225;17429.5543903742;0.803447517631638
04/09/2014;17095.834961;16298.9159537202;16867.05708;17435.1982062798;0.78009666532032
05/09/2014;17073.489258;16362.8323995437;16899.77829585;17436.7241921563;0.73410511063046
08/09/2014;17108.5253905;16417.7368728054;16932.1843261;17446.6317793946;0.746966943384575
09/09/2014;17052.4199215;16449.5074550985;16955.17382805;17460.8402010015;0.594528687011191
10/09/2014;17027.4199215;16484.8658248791;16978.860546775;17472.8552686709;0.361569711046532
11/09/2014;17020.6455075;16509.8746641798;16998.94711905;17488.0195739202;0.10498293091941
12/09/2014;16990.8603515;16526.2851945858;17014.342871;17502.4005474142;-0.125131863869677
15/09/2014;17001.615234;16543.2477646245;17030.656396375;17518.0650281255;-0.18668413629085
16/09/2014;17076.300781;16559.4254788622;17046.853222525;17534.2809661878;0.191046214191685
17/09/2014;17155.0595705;16577.0597869023;17060.4014159;17543.7430448977;0.600124553501058
18/09/2014;17219.549805;16598.2001010849;17074.092871;17549.9856409151;0.720960515469912
19/09/2014;17304.0507815;16624.4885296462;17087.8336425;17551.1787553538;0.807109283758527
22/09/2014;17218.620117;16653.3916560883;17097.54467765;17541.6976992117;0.692920572218336
23/09/2014;17113.875;16685.2097658034;17099.824658125;17514.4395504466;0.0522913731512658
24/09/2014;17130.2646485;16725.8441814235;17100.503613225;17475.1630450265;0.283968356133328
25/09/2014;17075.330078;16765.3815555524;17098.639892525;17431.8982294976;-0.239382863087335
26/09/2014;17048.129883;16796.2574685549;17097.61162105;17398.9657735451;-0.543883095759369
29/09/2014;17021.0595705;16822.7416887018;17095.01958005;17367.2974713982;-0.692018877158269
30/09/2014;17081.104492;16849.6158831788;17096.0103027;17342.4047222212;-0.191472864145708
01/10/2014;16908.6455075;16857.685625363;17086.140039;17314.594452637;-0.87922830947192
02/10/2014;16765.644531;16824.2633409239;17069.6305175;17314.9976940761;-0.922455070952288
03/10/2014;16915.0195315;16819.8943016116;17061.707031175;17303.5197607384;-0.8480218305574
06/10/2014;17014.885742;16827.6578623113;17057.02504875;17286.3922351887;-0.58024376666704
07/10/2014;16852.019531;16805.505930717;17047.005029225;17288.504127733;-0.883508026482811
08/10/2014;16835.084961;16780.4144718765;17037.3882812;17294.3620905235;-0.880712517884406
09/10/2014;16819.2041015;16754.1797895246;17027.3162109;17300.4526322754;-0.877003015782532
10/10/2014;16650.7548825;16693.5313133143;17010.31093745;17327.0905615857;-0.915666570168823
13/10/2014;16456.4399415;16588.5338071164;16983.052172825;17377.5705385336;-0.927821147583588
14/10/2014;16368.654785;16475.9464333133;16947.669873025;17419.3933127367;-0.92176038652749
15/10/2014;16084.209961;16300.8953810126;16894.12739255;17487.3594040874;-0.929372189012665
16/10/2014;16073.169922;16155.3970541221;16836.8083984;17518.219742678;-0.91463317926889
17/10/2014;16272.8852535;16072.8773252385;16785.250122;17497.6229187615;-0.870196500709579
20/10/2014;16331.085449;16007.3010470744;16740.8733886;17474.4457301256;-0.836095304062131
21/10/2014;16513.274414;15971.9958814946;16710.8433593;17449.6908371054;-0.687997936915112
22/10/2014;16556.870117;15941.3236844724;16682.173632725;17423.0235809776;-0.55363794046016
23/10/2014;16617.7949215;15918.2877934695;16659.2968749;17400.3059563305;-0.167716536176445
24/10/2014;16730.7158205;15901.7195809742;16643.426171775;17385.1327625758;0.427540018639577
27/10/2014;16783.4052735;15887.4688286104;16631.543456925;17375.6180852396;0.612645868286052
28/10/2014;16915.819336;15867.8200260392;16623.279199125;17378.7383722108;0.772408901140006
29/10/2014;16980.4404295;15859.1318422037;16626.868945225;17394.6060482463;0.804819112081861
30/10/2014;17072.360352;15862.4961149903;16642.204736275;17421.9133575598;0.834216775138222
31/10/2014;17302.1591795;15833.4825491769;16661.561718675;17489.6408881731;0.878739578341384
03/11/2014;17375.25;15795.1867296888;16679.579931575;17563.9731334612;0.880620723452314
04/11/2014;17337.794922;15779.2498838054;16703.868701125;17628.4875184446;0.864282234210939
05/11/2014;17436.174805;15761.6238073905;16733.923193325;17706.2225792595;0.870702814250995
06/11/2014;17500.330078;15746.2302851565;16767.97949215;17789.7286991435;0.869778754649655
07/11/2014;17534.3496095;15752.7126182627;16812.1592285;17871.6058387374;0.86355380306066
10/11/2014;17584.6894535;15787.1245451004;16868.5717041;17950.0188630996;0.85983456813763
11/11/2014;17611.5751955;15837.470432195;16930.717724625;18023.965017055;0.851658899458348
12/11/2014;17581.44043;15942.4143439377;17005.579248075;18068.7441522123;0.831418721142883
13/11/2014;17644.680664;16046.5957646715;17084.154785175;18121.7138056785;0.831017379410977
14/11/2014;17638.674805;16117.4035884879;17152.44426275;18187.4849370121;0.808260918598397
17/11/2014;17640.9404295;16181.8335687878;17217.937011775;18254.0404547622;0.782751710727002
18/11/2014;17688.8701175;16228.061601536;17276.71679695;18325.371992364;0.775355786242721
19/11/2014;17668.379883;16274.4035863169;17332.29228525;18390.1809841831;0.729959836213015
20/11/2014;17662.165039;16319.5214047104;17384.510791125;18449.5001775396;0.681426588457915
21/11/2014;17807.9248045;16361.3417774134;17438.371240325;18515.4007032366;0.747186326785683
24/11/2014;17824.229492;16405.2088643355;17490.41245125;18575.6160381645;0.72246281191956
25/11/2014;17822.810547;16450.8517615822;17535.7620118;18620.6722620178;0.685262301426633
26/11/2014;17812.459961;16498.9002818169;17577.362988375;18655.8256949331;0.632085249452572
28/11/2014;17850.5996095;16549.9463678474;17616.27495125;18682.6035346526;0.634406979970798
01/12/2014;17776.910156;16611.0655529208;17640.012500075;18668.9594472292;0.471603045736615
02/12/2014;17837.950195;16679.2513532179;17663.147509825;18647.0436664321;0.569577165430235
03/12/2014;17889.8701175;16744.3851568289;17690.7512696;18637.1173823711;0.62171281003076
04/12/2014;17876.3857425;16817.0319955942;17712.761816475;18608.4916373558;0.578433289632496
05/12/2014;17947.120117;16896.0215665027;17735.101318425;18574.1810703473;0.6731700928432
08/12/2014;17882.419922;16975.8977089091;17752.50483405;18529.1119591909;0.55003104969781
09/12/2014;17738.4697265;17052.628947421;17760.1938477;18467.758747979;-0.0385019154297183
10/12/2014;17653.0449215;17121.7046001042;17762.267334;18402.8300678958;-0.556284435804934
11/12/2014;17646.4052735;17176.5887142243;17765.515576175;18354.4424381257;-0.609913447445129
12/12/2014;17435.4404295;17203.3040671534;17755.05356445;18306.8030617466;-0.841448539921551
15/12/2014;17259.4091795;17186.00987574;17736.090283175;18286.17069061;-0.891011460599138
16/12/2014;17247.5146485;17158.9458257737;17716.418994125;18273.8921624763;-0.887906829911971
17/12/2014;17229.2304685;17127.8401548513;17693.437011675;18259.0338684988;-0.885288553293535
18/12/2014;17573.125;17140.970737847;17688.674267525;18236.377797203;-0.622507251700592
19/12/2014;17810.290039;17160.1984940271;17696.080517525;18231.9625410229;0.625496473777993
22/12/2014;17887.5146485;17183.4523984096;17700.060009725;18216.6676210404;0.759123552111448
23/12/2014;18019.6904295;17196.2194089639;17709.8330566;18223.4467042361;0.847251172143473
24/12/2014;18057.0097655;17202.0940840143;17721.543017525;18240.9919510357;0.856549094488107
26/12/2014;18070.875;17203.9851361423;17734.463769475;18264.9424028077;0.854116607494172
29/12/2014;18047.304687;17206.908608688;17744.29902335;18281.689438012;0.837483884862029
30/12/2014;17997.359375;17210.5676571102;17755.3214843;18300.0753114898;0.798460606111972
31/12/2014;17932.050781;17215.4496079164;17760.0265136;18304.6034192836;0.728644139230635
02/01/2015;17841.540039;17219.053426714;17757.610009675;18296.166592636;0.526410847110339
05/01/2015;17648.6152345;17210.8767063831;17746.221484275;18281.5662621669;-0.577830981601245
06/01/2015;17421.709961;17176.4501230363;17719.950976475;18263.4518299137;-0.833405092977682
07/01/2015;17485.9296875;17151.3153464679;17700.12646475;18248.9375830321;-0.773973072638599
08/01/2015;17754.0048825;17151.6644645226;17700.90322255;18250.1419805774;0.355469577521968
09/01/2015;17800.705078;17159.6647261298;17708.286230375;18256.9077346203;0.552321414299775
12/01/2015;17682.7304685;17163.935896865;17710.102490125;18256.269083385;-0.135966574438254
13/01/2015;17710.6201175;17196.6968862853;17723.861474525;18251.0260627646;-0.0186632747890555
14/01/2015;17436.980469;17232.7877684551;17732.740039;18232.6923095449;-0.844475039926876
15/01/2015;17407.724609;17263.0903340551;17740.750537025;18218.4107399949;-0.866381154848893
16/01/2015;17385.959961;17288.8464303125;17748.58701165;18208.3275929875;-0.880926967877194
20/01/2015;17467.714844;17270.1544486661;17743.31650385;18216.4785590339;-0.842245860820308
21/01/2015;17497.80957;17246.1919113396;17727.6924804;18209.1930494604;-0.811026375015641
22/01/2015;17661.7148435;17241.6255978889;17716.40249015;18191.1793824111;-0.419722654577402
23/01/2015;17740.0146485;17248.0031752108;17702.4187011;18156.8342269892;0.298590501457581
26/01/2015;17631.979492;17251.6677482565;17681.167187425;18110.6666265935;-0.417619429402872
27/01/2015;17463.419922;17239.8721701281;17650.794433525;18061.7166969219;-0.803076489135169
28/01/2015;17336.705078;17207.8166831672;17615.264453075;18022.7122229828;-0.863924730929072
29/01/2015;17284.71582;17165.2745069409;17579.632275325;17993.9900437091;-0.868923621134729
30/01/2015;17288.3603515;17124.1285516909;17547.44775385;17970.7669560091;-0.849261126762491
02/02/2015;17202.719727;17071.257439057;17515.50673825;17959.756037443;-0.867595808754424
03/02/2015;17520.3652345;17066.9659187479;17509.09423825;17951.2225577521;0.0197874293306731
04/02/2015;17692.7158205;17094.3073288592;17522.644531225;17950.9817335908;0.777355546767342
05/02/2015;17783.419922;17105.7897811235;17537.51904295;17969.2483047765;0.838978295238068
06/02/2015;17857.7451175;17089.1907622596;17542.7060547;17996.2213471404;0.865926491358968
09/02/2015;17753.405273;17078.7707629887;17540.34106445;18001.9113659113;0.805224331332772
10/02/2015;17809.790039;17070.520546965;17546.694042975;18022.867538985;0.83444495499728
11/02/2015;17828.4306645;17060.7265164827;17552.584570325;18044.4426241673;0.836683956885582
12/02/2015;17918.895508;17078.83310962;17576.680322275;18074.52753493;0.864609061647044
13/02/2015;17999.584961;17099.7070562917;17606.273339875;18112.8396234583;0.879154043775842
17/02/2015;18001.709961;17130.2043311882;17637.060839875;18143.9173485618;0.870229405381508
18/02/2015;18015.449219;17148.3538670021;17664.447558625;18180.5412502479;0.86326415609319
19/02/2015;17976.6347655;17166.468696889;17688.3888184;18210.308939911;0.834378922956967
20/02/2015;18011.3291015;17166.9228035947;17705.8695313;18244.8162590053;0.838250756984096
23/02/2015;18098.025391;17159.6829354861;17723.770068425;18287.8572013639;0.860086304029105
24/02/2015;18164.9101565;17157.0605626031;17750.41660165;18343.7726406969;0.866622285160992
25/02/2015;18213.5703125;17170.441746044;17787.924121175;18405.406496306;0.864962262798484
26/02/2015;18198.25;17204.3118666795;17831.001367275;18457.6908678705;0.84312127103548
27/02/2015;18172.8203125;17248.4811008944;17875.4065919;18502.3320829056;0.809942201210667
02/03/2015;18205.6103515;17292.1583661581;17921.2690919;18550.3798176419;0.801514672562386
03/03/2015;18209.415039;17349.0896054772;17971.6038575;18594.1181095227;0.769689351396778
04/03/2015;18116.4345705;17376.7915701168;18001.4073243;18626.0230784832;0.580993632957217
05/03/2015;18124;17401.3596431824;18022.971533275;18644.5834233676;0.540487429189217
06/03/2015;17980.435547;17420.5668383361;18032.822314525;18645.0777907139;-0.310763962997436
09/03/2015;17943.7998045;17439.840555394;18037.125048875;18634.409542356;-0.527290768873855
10/03/2015;17826.25;17443.378778563;18040.767285225;18638.155791887;-0.756933134298111
11/03/2015;17679.3896485;17427.4409432511;18034.2472657;18641.0535881489;-0.842821621677338
12/03/2015;17760.2949215;17424.5116246122;18030.84047855;18637.1693324878;-0.799224494961449
13/03/2015;17759.470703;17424.4645339994;18022.8692383;18621.2739426006;-0.796772536171343
16/03/2015;17869.870117;17440.672963004;18016.3834961;18592.094029196;-0.675068853695211
17/03/2015;17879.0048825;17455.0061458764;18010.248242175;18565.4903384735;-0.655037363680937
18/03/2015;17897.319336;17469.6043248723;18004.341748025;18539.0791711777;-0.606743015780473
19/03/2015;18003.615234;17486.7227299608;18005.69077145;18524.6588129392;-1.38320648649994E-11
20/03/2015;18079.2099605;17507.4373031883;18009.0848144;18510.7323256117;0.489015848788145
23/03/2015;18160.984375;17534.6741550622;18012.2327636;18489.7913721378;0.72539109644323
24/03/2015;18079.8398435;17566.6924565946;18007.97924795;18449.2660393054;0.541134563220665
25/03/2015;17880.2548825;17590.1079201016;17991.31347645;18392.5190327984;-0.696800768983692
26/03/2015;17669.3896485;17575.7003564042;17964.870458875;18354.0405613458;-0.876597447116037
27/03/2015;17679.8154295;17556.3914575291;17940.220214725;18324.0489719209;-0.862951345593604
30/03/2015;17868.060547;17560.3472034557;17923.3427245;18286.3382455442;-0.518599664985081
31/03/2015;17869.194336;17558.868377198;17906.33168935;18253.795001502;-0.392343798373159
01/04/2015;17681.7646485;17529.1930875;17884.59819325;18240.003299;-0.83927229075957
02/04/2015;17744.2597655;17508.936719011;17865.611181525;18222.285644039;-0.745337110618932
06/04/2015;17794.2949215;17499.3212004928;17856.30415025;18213.2871000072;-0.562314903885095
07/04/2015;17927.1650395;17499.490849644;17855.472412;18211.453974356;0.608633748192495
08/04/2015;17899.214844;17515.8411057028;17859.1206542;18202.4002026973;0.424780472362857
09/04/2015;17903.660156;17565.5749518879;17870.334179575;18175.0934072621;0.400725143118869
10/04/2015;18006.1552735;17597.5113535243;17882.627197175;18167.7430408257;0.793889846972372
13/04/2015;18041.1904295;17629.1500665661;17896.7131835;18164.2763004339;0.830943107833404
14/04/2015;17990.540039;17640.3760976301;17902.7466796;18165.1172615699;0.741670544060407
15/04/2015;18103.1152345;17644.6013306196;17913.9521972;18183.3030637804;0.867282208448468
16/04/2015;18116.5595705;17646.3379735511;17924.914208925;18203.4904442989;0.86471069847981
17/04/2015;17925.544922;17642.4286242862;17921.010693325;18199.5927623638;0.00214636567218594
20/04/2015;17966.7001955;17637.6243229925;17915.385205075;18193.1460871575;0.581999293690331
21/04/2015;18019.665039;17634.0834333474;17908.319238275;18182.5550432026;0.781693933172276
22/04/2015;17971.8896485;17628.8345116344;17902.921728525;18177.0089454156;0.672056665213381
23/04/2015;18049.899414;17634.8299168535;17911.4039551;18187.9779933465;0.818977232989389
24/04/2015;18058.9746095;17681.2576867296;17930.88320315;18180.5087195704;0.822932772137591
27/04/2015;18100.1103515;17721.3677966654;17951.89794925;18182.4281018346;0.855952501943226
28/04/2015;18018.504883;17728.7014451445;17959.42016605;18190.1388869555;0.676726561219671
29/04/2015;18025.0751955;17735.6437654777;17967.214209025;18198.7846525723;0.670173514416306
30/04/2015;17904.1103515;17762.6967647052;17978.331494175;18193.9662236448;-0.747867048974026
01/05/2015;17944.080078;17778.6928795624;17988.3225098;18197.9521400376;-0.622619117102616
04/05/2015;18079.8896485;17791.9598442079;18002.60224615;18213.2446480921;0.761439704315247
05/05/2015;17995.860352;17797.799244285;18006.037011775;18214.274779265;-0.129221274388131
06/05/2015;17876.4345705;17789.6260086443;18004.8979981;18220.1699875557;-0.845713580988087
07/05/2015;17885.0048825;17782.7182720294;18003.965234425;18225.2121968206;-0.83028705990643
08/05/2015;18069.435547;17791.0857427181;18007.1292481;18223.1727534819;0.706986120743024
11/05/2015;18144.529297;17797.8266595253;18012.296191475;18226.7657234247;0.850279212893186
12/05/2015;18021.9902345;17802.9923459983;18013.86870125;18224.7450565017;0.0745333080236481
13/05/2015;18085.9941405;17817.1107171058;18013.01264655;18208.9145759942;0.764581345541021
14/05/2015;18158.850586;17827.6085061826;18015.127197325;18202.6458884674;0.877681121737328
15/05/2015;18243.8955075;17820.7586389295;18031.0447266;18241.3308142705;0.90592833677491
18/05/2015;18284.899414;17812.3973777034;18046.954687525;18281.5119973466;0.906126475437281
19/05/2015;18306.354492;17807.2242914988;18061.289160175;18315.3540288512;0.901520676364109
20/05/2015;18311.345703;17805.3824131384;18078.2619629;18351.1415126616;0.889519712862546
21/05/2015;18282.395508;17810.5322020798;18089.8867676;18369.2413331202;0.864924839979778
22/05/2015;18252.004883;17817.7463287122;18099.538281275;18381.3302338378;0.831252162747598
26/05/2015;18109.8847655;17826.1059250324;18100.027001975;18373.9480789176;0.0621170662109911
27/05/2015;18117.7148435;17832.2844514427;18104.9875;18377.6905485573;0.117342895996687
28/05/2015;18110.270508;17837.7742773807;18109.247265625;18380.7202538693;3.00524145178922E-12
29/05/2015;18047.9296875;17845.2657561523;18116.438232425;18387.6107086977;-0.673125928399342
01/06/2015;18043.9453125;17848.7707984074;18121.43149415;18394.0921898926;-0.703362414951273
02/06/2015;18008.5996095;17843.0269320288;18117.8669922;18392.7070523712;-0.777610262416178
03/06/2015;18089.254883;17847.3315554405;18122.53671875;18397.7418820595;-0.437406207234237
04/06/2015;17982.049805;17850.8933852634;18127.817480475;18404.7415756866;-0.826978699777688
05/06/2015;17881.839844;17834.5004398248;18127.65922855;18420.8180172752;-0.887578953866507
08/06/2015;17806.479492;17791.8004174993;18114.5114258;18437.2224341007;-0.900535728202039
09/06/2015;17766.4003905;17745.8616339319;18095.604980475;18445.3483270181;-0.89920979807697
10/06/2015;17905.260742;17730.4415800917;18089.76850585;18449.0954316083;-0.823041259755234
11/06/2015;18055.519531;17730.1040653085;18088.244775375;18446.3854854415;-0.334744855207539
12/06/2015;17946.450195;17720.4485544929;18077.624755825;18434.8009571571;-0.761632780764075
15/06/2015;17794.589844;17691.7133912472;18055.15947265;18418.6055540528;-0.869809229749813
16/06/2015;17846.869141;17675.881863254;18033.257959;18390.634054746;-0.825524055595806
17/06/2015;17918.8251955;17671.0792036025;18013.881494175;18356.6837847475;-0.6972363704667
18/06/2015;18059.669922;17673.6862468661;18001.297705125;18328.9091633839;0.570498048431233
19/06/2015;18064.145508;17672.5716418328;17990.385205125;18308.1987684172;0.64994115424552
22/06/2015;18104.6503905;17667.8744002282;17983.0174805;18298.1605607718;0.771750786982348
23/06/2015;18148.455078;17661.4606488309;17984.945996125;18308.4313434191;0.820501634803852
24/06/2015;18052.5849605;17656.7039545004;17981.689501975;18306.6750494496;0.6322938250031
25/06/2015;17963.229492;17649.3142612119;17974.337451175;18299.3606411381;-0.0536089765749461
26/06/2015;17952.589844;17645.9054189889;17969.570459;18293.2354990111;-0.14866118356704
29/06/2015;17763.6455075;17622.5027355358;17955.55546875;18288.6082019642;-0.840678184746839
30/06/2015;17645.580078;17583.0479645665;17937.404492175;18291.7610197835;-0.885654824887888
01/07/2015;17719.9746095;17553.8863784738;17918.9404785;18283.9945785262;-0.832372069035544
02/07/2015;17756.5048825;17542.1709311556;17907.663232375;18273.1555335944;-0.785217666063317
06/07/2015;17649.359375;17530.4309809273;17896.039208925;18261.6474369227;-0.862248609128727
07/07/2015;17629.5644535;17529.4684472224;17887.193457;18244.9184667776;-0.870356160855609
08/07/2015;17627.6152345;17535.2073335351;17880.2541992;18225.3010648649;-0.872339096854371
09/07/2015;17647.615234;17518.2196403142;17867.3719238;18216.5242072858;-0.853097616463724
10/07/2015;17679.3046875;17491.5980450126;17848.561181625;18205.5243182374;-0.809854478707809
13/07/2015;17887.4199215;17493.0037302816;17845.60966795;18198.2156056184;0.430267572866918
14/07/2015;18014.495117;17516.4027812053;17856.6049316;18196.8070819947;0.806164411374534
15/07/2015;18050.270508;17526.8875698603;17866.77499995;18206.6624300398;0.830913740280874
16/07/2015;18098.4697265;17524.1374081156;17875.7572265;18227.3770448844;0.853951742661744
17/07/2015;18076.589844;17514.727604068;17876.6032226;18238.478841132;0.834477153648526
20/07/2015;18100.8095705;17504.5971421615;17878.436425725;18252.2757092885;0.845257889876065
21/07/2015;17982.504883;17499.2009748;17872.32915035;18245.4573259;0.712720180575502
22/07/2015;17863.3798825;17492.1748317546;17858.075390575;18223.9759493954;0.00100986572900292
23/07/2015;17782.989258;17479.0315834971;17844.59560545;18210.1596274029;-0.552452985569016
24/07/2015;17655.1347655;17455.4643886117;17829.190869125;18202.9173496383;-0.806770448409098
27/07/2015;17480.4746095;17404.6447363364;17805.5851074;18206.5254784636;-0.883976908279596
28/07/2015;17549.9404295;17388.2202272774;17794.8998535;18201.5794797226;-0.84702998828715
29/07/2015;17702.989258;17410.2748798802;17797.7703125;18185.2657451198;-0.664425740014518
30/07/2015;17701.0498045;17417.2588354745;17796.82407225;18176.3893090255;-0.672796525266303
31/07/2015;17727.589844;17420.6530140998;17795.378320325;18170.1036265502;-0.575344580775897
03/08/2015;17600.6845705;17424.6489796772;17792.9445801;18161.2401805228;-0.825669084489503
04/08/2015;17570.6396485;17426.6930196356;17789.99833985;18153.3036600644;-0.847366838048227
05/08/2015;17577.134766;17429.6000204862;17787.474316425;18145.3486123638;-0.84354567516249
06/08/2015;17467.4492185;17407.3033817909;17778.46601565;18149.6286495091;-0.887507370514665
07/08/2015;17347.0097655;17353.8673932644;17761.85126955;18169.8351458356;-0.906334416203566
10/08/2015;17502.1552735;17321.0873768707;17742.58803715;18164.0886974293;-0.839197533666121
11/08/2015;17473.1103515;17286.0664551178;17715.518798875;18144.9711426322;-0.837645218888665
12/08/2015;17274.855469;17218.4918695505;17676.748046925;18135.0042242995;-0.892236057010207
13/08/2015;17411.5595705;17183.3423602777;17642.402539125;18101.4627179723;-0.819662560655264
14/08/2015;17443.480469;17154.3120353014;17610.747070375;18067.1821054486;-0.761185064768838
17/08/2015;17446.560547;17128.7017086855;17578.0346192;18027.3675297145;-0.710514860185643
18/08/2015;17527.4101565;17108.4827584572;17555.279882875;18002.0770072929;-0.201258940484277
19/08/2015;17399.8046875;17081.4099736257;17532.101123125;17982.7922726243;-0.711295272629067
20/08/2015;17168.0048825;17027.4452772356;17501.35190435;17975.2585314644;-0.867477113186419
21/08/2015;16725.120117;16884.7372637579;17454.851171925;18024.9650800921;-0.92484735300103
24/08/2015;15915.040039;16521.5297447044;17376.5794434;18231.6291420956;-0.943175068783659
25/08/2015;15982.090332;16265.9413190625;17298.186938525;18330.4325579874;-0.924564595992096
26/08/2015;15990.004883;16045.2110145893;17212.537719775;18379.8644249607;-0.908932647863956
27/08/2015;16476.0996095;15946.3032540896;17151.290210025;18356.2771659604;-0.836552338258898
28/08/2015;16602.5751955;15870.4666041871;17095.0394776;18319.6123510129;-0.779843303714986
31/08/2015;16538.035156;15799.7462650781;17041.907006875;18284.0677486719;-0.781513271923362
01/09/2015;16253.989746;15696.3788670153;16976.07451175;18255.7701564847;-0.837593518646131
02/09/2015;16205.4648435;15593.2077329466;16907.491015625;18221.7742983034;-0.829267198848574
03/09/2015;16433.689941;15535.3371668596;16855.80305175;18176.2689366404;-0.731379530526372
04/09/2015;16199.185059;15463.8609557135;16798.411816425;18132.9626771365;-0.800345186706449
08/09/2015;16306.669922;15394.4710326818;16738.63754885;18082.8040650182;-0.732587145535247
09/09/2015;16442.375;15342.8502861216;16687.100781275;18031.3512764284;-0.577360474624761
10/09/2015;16327.0097655;15300.2078562697;16639.7084961;17979.2091359303;-0.65157172953303
11/09/2015;16339.7050785;15246.0605805478;16586.1157715;17926.1709624522;-0.580520614287183
14/09/2015;16390.864746;15193.9998610782;16533.48498535;17872.9701096217;-0.390941603987513
15/09/2015;16513.3447265;15148.577587926;16486.824194325;17825.070800724;0.0064345234419401
16/09/2015;16674.94043;15102.03946617;16444.200708;17786.36194983;0.558959877060469
17/09/2015;16786.679688;15062.3441362131;16413.544458025;17764.7447798369;0.696198254185787
18/09/2015;16509.25;15036.4236604133;16380.6067139;17724.7897673867;0.35172990025355
21/09/2015;16485.240234;15063.6042928835;16368.61271975;17673.6211466165;0.326621208335561
22/09/2015;16349.589844;15260.667856379;16390.34021;17520.012563621;-0.062525725670383
23/09/2015;16283.635254;15439.6515673133;16405.4174561;17371.1833448867;-0.452473030368026
24/09/2015;16136.735352;15607.1339071236;16412.75397955;17218.3740519764;-0.746864403425562
25/09/2015;16335.1503905;15658.1485843024;16405.7065186;17153.2644528976;-0.346621340477665
28/09/2015;16147.5546875;15660.8603753885;16382.9554932;17105.0506110115;-0.735833553045312
29/09/2015;16030.6298825;15656.1410403438;16357.585229525;17059.0294187062;-0.806913969044791
30/09/2015;16177.3398435;15726.084852184;16353.7527344;16981.420616616;-0.700616375990748
01/10/2015;16211.3452145;15806.8067992632;16354.04675295;16901.2867066368;-0.681481842247084
02/10/2015;16243.2148435;15828.8793811317;16344.522998075;16860.1666150183;-0.601105209463807
05/10/2015;16650.234375;15908.6983351683;16367.075463875;16825.4525925817;0.850543418789526
06/10/2015;16805.5595705;15937.0546837262;16392.0199463;16846.9852088738;0.895818608559576
07/10/2015;16864.1503905;15927.6162163943;16413.108715825;16898.6012152557;0.897952544352619
08/10/2015;16970.3095705;15924.428815953;16445.273706075;16966.118596197;0.905559971393606
09/10/2015;17069.055664;15908.9206689757;16481.74123535;17054.5618017243;0.907073151370596
12/10/2015;17101.895508;15890.8685033458;16517.29277345;17143.7170435542;0.898387455771505
13/10/2015;17103.629883;15872.8062626621;16546.807031275;17220.8077998879;0.88599495650348
14/10/2015;16999.5253905;15868.9660947593;16563.0362793;17257.1064638407;0.8529860998116
15/10/2015;17038.995117;15870.7940505067;16575.65205075;17280.5100509933;0.858881403151505
16/10/2015;17163.68457;15863.263722708;16608.37377925;17353.483835792;0.874433591456078
19/10/2015;17182.569336;15861.8032394993;16643.24023435;17424.6772292007;0.865116960038669
20/10/2015;17206.4355465;15870.935224195;16686.082519475;17501.229814755;0.855000911476145
21/10/2015;17234.0605465;15890.0456496131;16733.6037841;17577.1619185869;0.844882558499707
22/10/2015;17343.0302735;15924.0577303688;16793.918530175;17663.7793299812;0.85349777222208
23/10/2015;17602.239258;15926.3287590073;16857.27297355;17788.2171880927;0.882528134400749
26/10/2015;17631.6044925;15954.9456106509;16931.4754638;17908.0053169491;0.869811676018539
27/10/2015;17587.875;16009.7519698532;17009.337719675;18008.9234694968;0.841324279761973
28/10/2015;17668.3300785;16053.7114901405;17083.887231425;18114.0629727095;0.838394694963831
29/10/2015;17735.3603515;16100.1931960932;17160.087988275;18219.9827804568;0.831734285057394
30/10/2015;17731.4150395;16152.5046472317;17234.497998075;18316.4913489183;0.804333540354244
02/11/2015;17750.459961;16195.3571288938;17289.509277375;18383.6614258562;0.788700525568505
03/11/2015;17886.93457;16238.1309746345;17343.57802735;18449.0250800655;0.815912775758735
04/11/2015;17896.4746095;16285.4276547299;17395.1942383;18504.9608218701;0.801406954271192
05/11/2015;17854.3496095;16338.9933149755;17439.39624025;18539.7991655245;0.767062397171084
06/11/2015;17840.3193355;16397.1449663669;17477.959423825;18558.7738812831;0.742100218636994
09/11/2015;17784.279297;16456.3198991524;17512.078613275;18567.8373273976;0.678507042921164
10/11/2015;17713.1904295;16513.7518472655;17542.5566406;18571.3614339345;0.547205172955206
11/11/2015;17752.044922;16567.1465446125;17580.182617175;18593.2186897375;0.554634276319177
12/11/2015;17567.714844;16614.8487585481;17606.618603525;18598.3884485019;-0.0781370847486152
13/11/2015;17339.0703125;16647.2950793247;17615.38789065;18583.4807019753;-0.704437877966734
16/11/2015;17346.719727;16677.8890370842;17623.5954102;18569.3017833158;-0.710658313990351
17/11/2015;17525.370117;16721.493044333;17639.542138725;18557.591233117;-0.447493674235953
18/11/2015;17618.825195;16768.2512987847;17658.78037115;18549.3094435153;-0.107655357507907
19/11/2015;17727.475586;16821.7160013909;17678.002636775;18534.2892721591;0.177139477448993
20/11/2015;17823.544922;16897.9619461898;17689.067919975;18480.1738937602;0.555279621304651
23/11/2015;17809.8544925;16969.7526451589;17697.980419975;18426.2081947911;0.521557761160295
24/11/2015;17773.0546875;17025.8871126773;17707.23940435;18388.5916960227;0.355137815912079
25/11/2015;17828.375;17083.9841054994;17715.241650425;18346.4991953506;0.572366055043634
27/11/2015;17789.8398435;17140.6168480248;17717.965625025;18295.3144020252;0.447859103121909
30/11/2015;17778.514648;17186.819330466;17720.32060545;18253.821880434;0.399811257799424
01/12/2015;17807.6103515;17229.6659528476;17723.178124975;18216.6902971024;0.557380650160931
02/12/2015;17804.8896485;17287.822127426;17719.0758789;18150.329630374;0.604988336932189
03/12/2015;17603.0751955;17333.2226937121;17704.4059082;18075.5891226879;-0.69328875123835
04/12/2015;17674.5751955;17373.8171304209;17695.4171875;18017.0172445791;-0.213730594276196
07/12/2015;17742.370117;17411.7665235568;17690.519726575;17969.2729295932;0.584142326937828
08/12/2015;17594.6904295;17427.3160920088;17681.0402832;17934.7644743912;-0.745401113585235
09/12/2015;17585.5996095;17429.4278645422;17674.6607422;17919.8936198578;-0.759303720223663
10/12/2015;17586.200195;17430.7475697401;17666.36850585;17901.9894419599;-0.745345192932473
11/12/2015;17402.625;17396.8297771346;17658.11401365;17919.3982501654;-0.902787313506003
14/12/2015;17258.245117;17363.6677348493;17654.072753875;17944.4777729007;-0.929260161861896
15/12/2015;17484.4052735;17386.6631178239;17660.9570312;17935.2509445761;-0.856105419039744
16/12/2015;17634.0195315;17396.5012587514;17666.389501925;17936.2777450986;-0.434412312530415
17/12/2015;17645.129883;17398.2194762761;17667.704736325;17937.1899963739;-0.303085325024597
18/12/2015;17310.4453125;17339.0109785624;17646.85322265;17954.6954667376;-0.91255344775394
21/12/2015;17194.544922;17259.6302946814;17615.40322265;17971.1761506186;-0.918939412558845
22/12/2015;17346.984375;17223.3380268308;17592.259716775;17961.1814067192;-0.860354089204079
23/12/2015;17517.7753905;17210.715649947;17579.495751925;17948.275853903;-0.550184541523845
24/12/2015;17575.1445315;17201.522382422;17566.8342285;17932.146074578;0.0123278935893805
28/12/2015;17487.1201175;17186.6590236678;17551.6982422;17916.7374607322;-0.568208071365233
29/12/2015;17648.694336;17178.1673948224;17545.2072266;17912.2470583776;0.701403444723063
30/12/2015;17651.5;17168.7607428576;17537.401709025;17906.0426751924;0.723908193444859
31/12/2015;17505.910156;17155.7401866105;17522.4527344;17889.1652821895;-0.108959408082111
04/01/2016;17181.555664;17110.3759695265;17501.376757825;17892.3775461235;-0.884921713240752
05/01/2016;17117.2246095;17051.3925566501;17473.509228525;17895.6259003999;-0.888271910655444
06/01/2016;16986.2246095;16968.7428879545;17435.70195315;17902.6610183455;-0.901325028635027
07/01/2016;16675.995117;16825.4502350473;17389.767187525;17954.0841400027;-0.923983350562289
08/01/2016;16483.2304685;16655.0533676693;17334.648730475;18014.2440932807;-0.923283248175047
11/01/2016;16346.939941;16477.7231311223;17272.685717775;18067.6483044277;-0.91771107883459
12/01/2016;16456.7099605;16366.8537830634;17225.3899658;18083.9261485366;-0.894321746812689
13/01/2016;16358.3549805;16263.390233747;17180.395458975;18097.400684203;-0.894444592821608
14/01/2016;16278.585449;16132.0278865835;17120.10446775;18108.1810489165;-0.889215349553033
15/01/2016;16098.220215;15968.732532279;17043.314501925;18117.896471571;-0.892524751201823
19/01/2016;16036.1049805;15811.1685640859;16962.8632568;18114.5579495141;-0.883140199584042
20/01/2016;15720.0048825;15628.5755588597;16883.3412353;18138.1069117403;-0.897753960965864
21/01/2016;15871.625;15506.5338884386;16817.1952392;18127.8565899614;-0.870566890458037
22/01/2016;16028.944824;15405.8719035625;16751.29326165;18096.7146197375;-0.830060606517948
25/01/2016;15983.305176;15294.3646601126;16674.569750925;18054.7748417374;-0.819006059895632
26/01/2016;16039.4750975;15195.183500244;16597.786279225;18000.389058206;-0.777849354613166
27/01/2016;16056.665039;15108.3195784409;16526.2635253;17944.2074721591;-0.739376399767208
28/01/2016;15982.9296875;15010.9307712637;16442.975292875;17875.0198144863;-0.732506426196824
29/01/2016;16278.2802735;14942.534876967;16374.31430655;17806.093736133;-0.225168028423796
01/02/2016;16405.225098;14887.0039232455;16319.28005365;17751.5561840545;0.188906652533551
02/02/2016;16264.325684;14848.2959832988;16273.41855465;17698.5411260013;-1.56069173927831E-07
03/02/2016;16171.0703125;14809.709593912;16226.1108398;17642.512085688;-0.0762773855942377
04/02/2016;16376;14791.2152698177;16195.599609325;17599.9839488323;0.459102458544643
05/02/2016;16276.7202145;14807.262790621;16175.6358642;17544.008937779;0.258284319947621
08/02/2016;15975.5297855;14833.6006313211;16150.25083005;17466.9010287789;-0.470681911344432
09/02/2016;16008.8652345;14882.2412463354;16133.347094725;17384.4529431146;-0.366026064807255
10/02/2016;16050.899902;14909.7840771208;16113.0565918;17316.3291064792;-0.144298719888497
11/02/2016;15700.415039;14921.9040873119;16080.159594725;17238.4151021381;-0.73711665578813
12/02/2016;15832.830078;14957.8474053763;16057.871826175;17157.8962469737;-0.613356439101926
16/02/2016;16104.399902;15042.3853955909;16058.180810525;17073.9762254591;0.111049062310127
17/02/2016;16352.049805;15138.2810257559;16073.97805175;17009.6750777441;0.714269588511245
18/02/2016;16451.134766;15318.031970227;16110.534545925;16903.037121623;0.792408502941956
19/02/2016;16344.480469;15457.357402422;16134.177319375;16810.997236328;0.724820954711824
22/02/2016;16540.6855465;15541.0980984116;16159.7643555;16778.4306125884;0.850089883459197
23/02/2016;16506.959961;15631.1602463027;16185.94709475;16740.7339431973;0.841285780134436
24/02/2016;16336.6254885;15701.6697286669;16200.8046143;16699.9394999331;0.692466807492299
25/02/2016;16578.2001955;15747.5943291952;16226.881372125;16706.1684150548;0.872471669212911
26/02/2016;16709.9453125;15786.4741361141;16263.232153375;16739.9901706359;0.898772117825196
29/02/2016;16618.259766;15781.9276341899;16280.231128;16778.5346218101;0.862936147990033
01/03/2016;16705.6152345;15765.6197418939;16295.250634825;16824.8815277561;0.878918157219316
02/03/2016;16833.245117;15747.1376037673;16323.696606475;16900.2556091827;0.893015845284135
03/03/2016;16882.520508;15737.5193309924;16359.26911625;16981.0189015076;0.887963805390459
04/03/2016;16980.6103515;15718.7192588983;16389.499633825;17060.2800087517;0.892723873162385
07/03/2016;17019.8652345;15706.738881552;16426.656884825;17146.574888098;0.88571499250126
08/03/2016;16997.149414;15725.3190241534;16477.73786625;17230.1567083466;0.865143525629247
09/03/2016;16998.2197265;15747.8431395904;16527.20559085;17306.5680421096;0.847499720986792
10/03/2016;16975.984375;15774.061075461;16573.4598145;17372.858553539;0.819880841890628
11/03/2016;17117.540039;15835.0044159585;16644.3160645;17453.6277130415;0.842804003505782
14/03/2016;17218.115234;15879.4534241571;16713.5803223;17547.7072204429;0.847617418106419
15/03/2016;17186.024414;15913.0587519367;16767.6615479;17622.2643438633;0.815239698795291
16/03/2016;17291.625;15942.6402857323;16814.64030765;17686.6403295677;0.83292215236527
17/03/2016;17413.3300785;15969.5479658703;16862.750073275;17755.9521806797;0.850246217795482
18/03/2016;17551.035156;15991.5035443484;16923.077807625;17854.6520709016;0.8621293804405
21/03/2016;17598.125;16018.7503141225;16975.9497803;17933.1492464775;0.857402979247155
22/03/2016;17594.6796875;16050.888076242;17030.335766625;18009.783457008;0.840670823833751
23/03/2016;17537.540039;16092.5746646136;17090.38149415;18088.1883236864;0.799999754440041
24/03/2016;17458.0751955;16138.4385907233;17134.37524415;18130.3118975767;0.735155833112285
28/03/2016;17538.419922;16186.7195649583;17175.798974625;18164.8783842917;0.761276623616921
29/03/2016;17538.540039;16234.144718289;17221.812988275;18209.481258261;0.732101743900566
30/03/2016;17721.234375;16281.6023017246;17272.5939453;18263.5855888754;0.801806697193588
31/03/2016;17712.709961;16335.9947423845;17316.5671875;18297.1396326155;0.780726751775509
01/04/2016;17689.75;16393.1247790831;17356.9286621;18320.7325451169;0.74857343904416
04/04/2016;17758.5253905;16454.8961763655;17395.82441405;18336.7526517345;0.771496933508492
05/04/2016;17648.794922;16519.0961917461;17427.270898425;18335.4456051039;0.663672356792102
06/04/2016;17633.0449215;16577.659194138;17459.0656738;18340.472153462;0.602531176229629
07/04/2016;17585.754883;16631.4707507439;17488.442431625;18345.4141125062;0.414517829850491
08/04/2016;17611.334961;16681.3678955761;17520.209960925;18359.0520262739;0.398303903416143
11/04/2016;17643.765625;16733.6503287854;17546.521240225;18359.3921516646;0.433481897055045
12/04/2016;17649;16786.2994632794;17568.065478525;18349.8314937706;0.380631311259938
13/04/2016;17830.0048825;16834.2953553535;17600.26450195;18366.2336485465;0.716478953422917
14/04/2016;17923.790039;16884.7121323074;17631.8727539;18379.0333754926;0.774181119651135
15/04/2016;17902.5302735;16942.3692009949;17656.33276365;18370.2963263051;0.748266368558372
18/04/2016;17928.875;17009.082449886;17675.22475585;18341.367061814;0.769032245079672
19/04/2016;18043.945313;17072.7535315735;17697.5157715;18322.2780114265;0.834983567169054
20/04/2016;18099.4208985;17126.9283522836;17722.75283205;18318.5773118164;0.853693625111131
21/04/2016;18035.5898435;17171.8099302251;17747.655322275;18323.5007143249;0.818737478006043
22/04/2016;17968.370117;17209.0227510269;17773.17006835;18337.3173856731;0.749004847038595
25/04/2016;17923.245117;17248.9162486269;17792.4113281;18335.9064075731;0.660070385231751
26/04/2016;17988.9697265;17284.4787937628;17814.932812475;18345.3868311872;0.737275259909547
27/04/2016;18002.459961;17331.8583955181;17828.994091775;18326.1297880319;0.750819561619807
28/04/2016;17916.140625;17373.3941024242;17839.165624975;18304.9371475259;0.54602280303729
29/04/2016;17733.4052735;17397.3670311037;17841.34838865;18285.3297461963;-0.662781111697543
02/05/2016;17843.0302735;17432.2815569984;17845.5736328;18258.8657086017;-8.76556137324259E-08
03/05/2016;17770.8154295;17448.8056915262;17851.674658175;18254.5436248238;-0.607602140144181
04/05/2016;17673.5351565;17450.2868958067;17853.699169925;18257.1114440433;-0.799383956030602
05/05/2016;17675.9648435;17448.9540565303;17858.20966795;18267.4652793697;-0.79886473536409
06/05/2016;17662.4599605;17443.9992531102;17860.765917925;18277.5325827398;-0.810451757347409
09/05/2016;17725.7705075;17445.7329146814;17864.86616205;18283.9994094186;-0.739835549240359
10/05/2016;17830.6347655;17455.9313872228;17873.947900325;18291.9644134272;-0.380943828993091
11/05/2016;17815.040039;17467.1723376468;17873.19965815;18279.2269786532;-0.497516864665765
12/05/2016;17711.785156;17472.2610571733;17862.599414;18252.9377708267;-0.771961505948223
13/05/2016;17623.6103515;17460.8773660532;17848.6534179;18236.4294697468;-0.841716575263307
16/05/2016;17643.7802735;17453.9126074359;17834.398681575;18214.8847557141;-0.819053270002605
17/05/2016;17585.69043;17449.5968806636;17811.485937425;18173.3749941864;-0.851911252189404
18/05/2016;17527.2158205;17442.7869950047;17782.875683525;18122.9643720453;-0.875444179704224
19/05/2016;17422.615234;17404.6527373437;17752.22695305;18099.8011687563;-0.899919834102439
20/05/2016;17504.535156;17377.9408045527;17729.035205;18080.1296054473;-0.855226054454424
23/05/2016;17515.375;17351.8305651282;17708.64169915;18065.4528331718;-0.831419236835745
24/05/2016;17633.8896485;17341.7370524897;17690.88769525;18040.0383380103;-0.541958429713082
25/05/2016;17813.400391;17335.9335190404;17681.43471675;18026.9359144596;0.769656156420764
26/05/2016;17846.240234;17326.0149017814;17677.9396972;18029.8644926186;0.81131006389034
27/05/2016;17848.975586;17327.3718668545;17683.718212825;18040.0645587955;0.806032565943417
31/05/2016;17811.6347655;17321.1293709162;17682.148437425;18043.1675039338;0.756684690754252
01/06/2016;17736.984375;17320.3649591554;17680.4568847;18040.5488102446;0.528865624887356
02/06/2016;17771.055664;17332.2832554882;17685.332910075;18038.3825646618;0.662423251529119
03/06/2016;17761.424805;17344.5942935846;17689.60590815;18034.6175227154;0.618541410564568
06/06/2016;17886.2451175;17357.2164988257;17700.795166;18044.3738331743;0.830881913313532
07/06/2016;17969.725586;17356.1188347348;17712.992919925;18069.8670051152;0.87022271376074
08/06/2016;17973.955078;17346.1717652685;17720.15893555;18094.1461058315;0.862985568306836
09/06/2016;17960.550781;17340.0605732725;17727.43447265;18114.8083720275;0.846900602914824
10/06/2016;17875.580078;17349.0662304178;17735.62421875;18122.1822070822;0.758661234801786
13/06/2016;17812.314453;17370.6227138374;17745.059423825;18119.4961338126;0.573073340296576
14/06/2016;17664.854492;17379.7030261405;17746.11313475;18112.5232433595;-0.637042872251715
15/06/2016;17695.985352;17398.5289376911;17751.62788085;18104.7268240089;-0.530155646355878
16/06/2016;17613.099609;17415.7954443892;17755.922070275;18096.0486961608;-0.788087264747356
17/06/2016;17668.109375;17458.4213067172;17768.196777325;18077.9722479328;-0.733810134567659
20/06/2016;17841.614258;17490.9067638056;17785.050732425;18079.1947010444;0.594506216182911
21/06/2016;17838.8203125;17519.5618852107;17801.22299805;18082.8841108893;0.472767189258833
22/06/2016;17845.2597655;17530.8871573225;17811.7915039;18092.6958504775;0.432006079600341
23/06/2016;17927.5898435;17538.4881169352;17817.500976525;18096.5138361148;0.776123748346234
24/06/2016;17651.4853515;17530.1525033373;17807.7632324;18085.3739614627;-0.837244472697273
27/06/2016;17209.145508;17407.2357441448;17775.7717285;18144.3077128551;-0.937029602641585
28/06/2016;17300.1152345;17334.2871990558;17750.19575195;18166.1043048442;-0.911733461645205
29/06/2016;17580.2646485;17320.9385768627;17742.359765625;18163.7809543873;-0.771064008609908
30/06/2016;17821.205078;17323.8071058875;17744.867236325;18165.9273667625;0.576042070957313
01/07/2016;17959.6455075;17325.0642275366;17754.77827145;18184.4923153634;0.810784932106035
